-10.427 12.005
-10.874 11.503
-10.199 22.838
-10.369 9.3844
-11.453 12.201
-9.8028 15.423
-11.183 16.266
-9.6367 16.073
-8.144 9.5223
-10.447 16.914
-9.5782 11.219
-8.2768 16.441
-10.239 15.058
-10.224 13.178
-9.9876 15.973
-9.4652 11.934
-9.5954 12.244
-10.201 17.027
-10.575 12.455
-10.45 17.911
-9.5294 16.545
-9.1279 13.665
-8.0482 13.988
-8.4409 20.414
-10.21 12.354
-9.1468 11.223
-10.556 11.752
-10.422 8.4722
-8.1016 15.935
-10.427 12.172
-9.1835 14.172
-11.105 15.239
-10.284 14.62
-7.4025 12.719
-9.8253 13.918
-9.0642 17.641
-10.212 13.513
-9.6221 10.687
-10.768 20.16
-9.0552 17.453
-10.708 15.004
-10.335 12.152
-11.446 15.669
-9.8702 16.541
-9.5775 12.566
-9.26 18.337
-8.2043 15.265
-10.831 10.518
-11.245 15.773
-11.096 14.978
-11.325 13.258
-9.6909 14.99
-10.151 11.976
-12.197 16.677
-9.9325 18.854
-9.9617 18.56
-7.5306 9.9501
-11.111 16.784
-9.1857 16.082
-10.681 14.14
-10.611 14.055
-10.79 15.453
-10.021 14.374
-9.8329 14.82
-10.251 12.799
-9.9736 9.7846
-8.7146 15.766
-8.5624 12.953
-8.6543 17.513
-7.7669 11.521
-8.5014 15.698
-11.938 13.058
-12.2 15.689
-8.4134 16.606
-10.59 11.765
-10.313 20.369
-9.3561 14.884
-8.2606 13.363
-8.3943 14.264
-10.046 14.45
-9.7533 12.427
-9.776 11.349
-11.531 13.923
-9.8457 12.132
-10.369 10.503
-9.4216 14.062
-10.628 15.7
-10.117 14.857
-10.428 11.791
-9.7336 16.653
-9.8112 16.094
-9.8397 9.5426
-11.343 15.221
-10.161 11.539
-10.642 17.687
-10.455 12.329
-9.6907 12.364
-9.1048 14.435
-9.0691 16.398
-9.6591 9.3695
-9.6846 8.2048
-11.449 13.716
-8.3917 18.059
-7.7304 17.999
-10.019 10.302
-10.13 13.65
-10.986 15.77
-10.654 11.751
-10.466 14.682
-10.618 13.001
-10.562 10.263
-11.306 18.278
-8.7104 13.34
-9.9257 15.605
-9.3887 14.632
-10.128 13.208
-9.7613 13.547
-9.0296 11.068
-10.158 12.299
-9.3575 15.88
-9.3735 12.358
-11.22 10.922
-9.1493 11.508
-9.3619 17.167
-11.386 15.314
-9.52 14.355
-10.833 11.896
-10.235 14.547
-8.6244 16.22
-10.117 12.255
-9.7226 15.88
-7.9728 16.04
-12.038 14.799
-10.29 19.252
-9.9485 11.832
-9.3449 18.275
-9.6127 20.345
-10.613 13.883
-9.9629 14.32
-10.264 18.482
-9.9252 16.018
-9.7624 12.675
-10.782 14.144
-10.136 12.602
-10.183 14
-10.869 14.157
-12.487 16.198
-10.569 14.923
-10.051 14.225
-10.388 14.933
-8.6384 12.088
-9.0732 10.821
-11.141 9.8534
-9.6962 13.278
-8.8397 14.156
-8.9945 19.51
-9.4215 15.255
-8.5333 20.445
-10.209 16.178
-11.124 17.88
-11.338 11.759
-11.459 13.728
-9.5235 13.061
-10.298 17.175
-8.8414 15.718
-11.239 19.886
-10.517 14.822
-10.398 16.462
-9.8493 7.9136
-12.149 14.435
-10.091 13.257
-8.3881 13.383
-9.5704 13.546
-9.8461 14.769
-9.8928 13.378
-10.548 11.67
-10.607 12.522
-8.4933 10.998
-8.2595 10.433
-9.7279 17.575
-10.917 17.369
-9.9705 15.836
-10.391 12.832
-7.2699 16.181
-9.3951 11.843
-11.005 19.227
-10.136 16.071
-10.06 16.578
-8.7085 13.54
-10.803 14.751
-10.374 13.88
-10.137 16.385
-9.1399 20.552
-10.214 14.417
-10.395 16.945
-9.402 18.253
-8.1246 19.684
-9.9254 12.57
-10.445 12.513
-9.2466 16.336
-10.308 19.817
-10.779 13.592
-10.419 12.363
-10.554 9.6768
-10.61 19.082
-8.9941 13.449
-11.12 12.795
-10.826 15.147
-11.232 15.647
-10.951 16.814
-10.877 16.175
-9.1354 18.009
-10.939 15.962
-10.094 10.744
-10.642 16.525
-10.121 16.717
-10.406 15.311
-10.137 11.829
-10.584 13.153
-8.8499 14.942
-8.8724 17.843
-12.352 12.144
-9.7748 14.278
-9.8007 15.071
-9.0552 15.735
-10.386 15.2
-8.0507 17.923
-9.942 15.736
-11.894 17.223
-12.616 14.096
-10.739 15.909
-10.963 11.376
-11.216 11.681
-11.879 14.63
-9.2865 12.183
-9.772 18.854
-10.913 14.187
-11.336 18.585
-10.029 17.464
-7.9321 18.824
-9.0542 17.304
-9.0401 15.4
-9.7336 13.198
-9.2053 19.018
-10.228 16.085
-9.7332 17.837
-9.3924 11.66
-9.7701 17.858
-10.63 16.899
-8.7928 14.485
